-3.000000E+0000 -6.278504E-0011
-2.500000E+0000 -3.896147E-0011
-2.000000E+0000 -5.772900E-0012
-1.500000E+0000 -2.295876E-0011
-1.000000E+0000  3.763238E-0011
-5.000000E-0001  4.472347E-0009
 0.000000E+0000  2.156507E-0008
 5.000000E-0001  3.666560E-0008
 1.000000E+0000  4.795132E-0008
 1.500000E+0000  5.756553E-0008
 2.000000E+0000  6.561728E-0008
 2.500000E+0000  7.231626E-0008
 3.000000E+0000  7.734342E-0008
 3.500000E+0000  8.101598E-0008
 4.000000E+0000  8.343133E-0008
 4.500000E+0000  8.513820E-0008
 5.000000E+0000  8.640016E-0008
 5.500000E+0000  8.738581E-0008
 6.000000E+0000  8.813569E-0008
 6.500000E+0000  8.867526E-0008
 7.000000E+0000  8.894984E-0008
 7.500000E+0000  8.928968E-0008
 8.000000E+0000  8.938675E-0008
 8.500000E+0000  8.967022E-0008
 9.000000E+0000  9.014931E-0008
 9.500000E+0000  9.029392E-0008
 1.000000E+0001  9.037349E-0008
 1.050000E+0001  9.061804E-0008
 1.100000E+0001  9.072447E-0008
 1.150000E+0001  9.101137E-0008
 1.200000E+0001  9.111670E-0008
 1.250000E+0001  9.131514E-0008
 1.300000E+0001  9.149539E-0008
 1.350000E+0001  9.148711E-0008
 1.400000E+0001  9.169364E-0008
 1.450000E+0001  9.185140E-0008
 1.500000E+0001  9.189149E-0008
 1.550000E+0001  9.206159E-0008
 1.600000E+0001  9.201728E-0008
 1.650000E+0001  9.210486E-0008
 1.700000E+0001  9.209977E-0008
 1.750000E+0001  9.205340E-0008
 1.800000E+0001  9.200276E-0008
 1.850000E+0001  9.233142E-0008
 1.900000E+0001  9.224964E-0008
 1.950000E+0001  9.250663E-0008
 2.000000E+0001  9.251557E-0008
 2.050000E+0001  9.263305E-0008
 2.100000E+0001  9.265581E-0008
 2.150000E+0001  9.319005E-0008
 2.200000E+0001  9.343319E-0008
 2.250000E+0001  9.368491E-0008
 2.300000E+0001  9.395691E-0008
 2.350000E+0001  9.416219E-0008
 2.400000E+0001  9.425645E-0008
 2.450000E+0001  9.432102E-0008
 2.500000E+0001  9.472961E-0008
 2.550000E+0001  9.476735E-0008
 2.600000E+0001  9.504164E-0008
 2.650000E+0001  9.508321E-0008
 2.700000E+0001  9.512345E-0008
 2.750000E+0001  9.516317E-0008
 2.800000E+0001  9.533188E-0008
 2.850000E+0001  9.534408E-0008
 2.900000E+0001  9.548539E-0008
 2.950000E+0001  9.535263E-0008
 3.000000E+0001  9.525169E-0008
 3.050000E+0001  9.521232E-0008
 3.100000E+0001  9.520213E-0008
 3.150000E+0001  9.518018E-0008
 3.200000E+0001  9.515744E-0008
 3.250000E+0001  9.513324E-0008
 3.300000E+0001  9.513877E-0008
 3.350000E+0001  9.497975E-0008
 3.400000E+0001  9.492191E-0008
 3.450000E+0001  9.475067E-0008
 3.500000E+0001  9.486770E-0008
 3.550000E+0001  9.483600E-0008
 3.600000E+0001  9.467274E-0008
 3.650000E+0001  9.456875E-0008
 3.700000E+0001  9.444832E-0008
 3.750000E+0001  9.436290E-0008
 3.800000E+0001  9.446039E-0008
 3.850000E+0001  9.460383E-0008
 3.900000E+0001  9.484383E-0008
 3.950000E+0001  9.501535E-0008
 4.000000E+0001  9.498967E-0008
 4.050000E+0001  9.511891E-0008
 4.100000E+0001  9.505613E-0008
 4.150000E+0001  9.514383E-0008
 4.200000E+0001  9.525492E-0008
 4.250000E+0001  9.513552E-0008
 4.300000E+0001  9.534502E-0008
 4.350000E+0001  9.521891E-0008
 4.400000E+0001  9.497839E-0008
 4.450000E+0001  9.530243E-0008
 4.500000E+0001  9.525620E-0008
 4.550000E+0001  9.515407E-0008
 4.600000E+0001  9.535923E-0008
 4.650000E+0001  9.545857E-0008
 4.700000E+0001  9.544261E-0008
 4.750000E+0001  9.535507E-0008
 4.800000E+0001  9.518652E-0008
 4.850000E+0001  9.522025E-0008
 4.900000E+0001  9.526899E-0008
 4.950000E+0001  9.525873E-0008
 5.000000E+0001  9.520399E-0008
 5.050000E+0001  9.526076E-0008
 5.100000E+0001  9.505541E-0008
 5.150000E+0001  9.496540E-0008
 5.200000E+0001  9.508611E-0008
 5.250000E+0001  9.500064E-0008
 5.300000E+0001  9.496933E-0008
 5.350000E+0001  9.491627E-0008
 5.400000E+0001  9.490504E-0008
 5.450000E+0001  9.469819E-0008
 5.500000E+0001  9.478945E-0008
 5.550000E+0001  9.468972E-0008
 5.600000E+0001  9.463437E-0008
 5.650000E+0001  9.467612E-0008
 5.700000E+0001  9.459074E-0008
 5.750000E+0001  9.449962E-0008
 5.800000E+0001  9.439817E-0008
 5.850000E+0001  9.439870E-0008
 5.900000E+0001  9.427146E-0008
 5.950000E+0001  9.420808E-0008
 6.000000E+0001  9.429946E-0008
 6.050000E+0001  9.408270E-0008
 6.100000E+0001  9.413611E-0008
 6.150000E+0001  9.426357E-0008
 6.200000E+0001  9.418628E-0008
 6.250000E+0001  9.415365E-0008
 6.300000E+0001  9.431208E-0008
 6.350000E+0001  9.471893E-0008
 6.400000E+0001  9.491543E-0008
 6.450000E+0001  9.518105E-0008
 6.500000E+0001  9.539555E-0008
 6.550000E+0001  9.529300E-0008
 6.600000E+0001  9.534237E-0008
 6.650000E+0001  9.527227E-0008
 6.700000E+0001  9.524157E-0008
 6.750000E+0001  9.530086E-0008
 6.800000E+0001  9.556955E-0008
 6.850000E+0001  9.560431E-0008
 6.900000E+0001  9.556037E-0008
 6.950000E+0001  9.551058E-0008
 7.000000E+0001  9.555232E-0008
 7.050000E+0001  9.546152E-0008
 7.100000E+0001  9.538326E-0008
 7.150000E+0001  9.547846E-0008
 7.200000E+0001  9.550317E-0008
 7.250000E+0001  9.584087E-0008
 7.300000E+0001  9.586999E-0008
 7.350000E+0001  9.590042E-0008
 7.400000E+0001  9.578127E-0008
 7.450000E+0001  9.588790E-0008
 7.500000E+0001  9.592046E-0008
 7.550000E+0001  9.595363E-0008
 7.600000E+0001  9.588955E-0008
 7.650000E+0001  9.575838E-0008
 7.700000E+0001  9.575426E-0008
 7.750000E+0001  9.572572E-0008
 7.800000E+0001  9.575945E-0008
 7.850000E+0001  9.570890E-0008
 7.900000E+0001  9.534980E-0008
 7.950000E+0001  9.532254E-0008
 8.000000E+0001  9.516448E-0008
 8.050000E+0001  9.530238E-0008
 8.100000E+0001  9.535505E-0008
 8.150000E+0001  9.566312E-0008
 8.200000E+0001  9.584383E-0008
 8.250000E+0001  9.606248E-0008
 8.300000E+0001  9.628054E-0008
 8.350000E+0001  9.644862E-0008
 8.400000E+0001  9.631999E-0008
 8.450000E+0001  9.630182E-0008
 8.500000E+0001  9.646762E-0008
 8.550000E+0001  9.633609E-0008
 8.600000E+0001  9.639754E-0008
 8.650000E+0001  9.627273E-0008
 8.700000E+0001  9.621204E-0008
 8.750000E+0001  9.629785E-0008
 8.800000E+0001  9.632342E-0008
 8.850000E+0001  9.639032E-0008
 8.900000E+0001  9.622232E-0008
 8.950000E+0001  9.615203E-0008
 9.000000E+0001  9.644923E-0008
 9.050000E+0001  9.635768E-0008
 9.100000E+0001  9.650737E-0008
 9.150000E+0001  9.650282E-0008
 9.200000E+0001  9.642312E-0008
 9.250000E+0001  9.655967E-0008
 9.300000E+0001  9.669584E-0008
 9.350000E+0001  9.662236E-0008
 9.400000E+0001  9.662627E-0008
 9.450000E+0001  9.668918E-0008
 9.500000E+0001  9.664926E-0008
 9.550000E+0001  9.673133E-0008
 9.600000E+0001  9.676666E-0008
 9.650000E+0001  9.678068E-0008
 9.700000E+0001  9.659458E-0008
 9.750000E+0001  9.652439E-0008
 9.800000E+0001  9.626515E-0008
 9.850000E+0001  9.621517E-0008
 9.900000E+0001  9.610653E-0008
 9.950000E+0001  9.601545E-0008
 1.000000E+0002  9.575667E-0008
